5.680972605849631663e+01
9.912836365619137169e+00
6.314509623288650175e+00
5.117648562496079023e+00
4.575317432824568264e+00
4.141233059715342613e+00
3.789403219011592938e+00
3.520576527481597662e+00
3.306134979523456252e+00
3.129755426536633856e+00
2.992918599758801701e+00
2.878988372906423621e+00
2.779521590305059853e+00
2.691652471929278256e+00
2.613282079036033601e+00
2.550127931965822103e+00
2.493728923894549698e+00
2.442120586278921035e+00
2.394655012065666888e+00
2.350808355362553836e+00
