1.000000000000000000e+01
3.052631578947368496e+01
5.105263157894736992e+01
7.157894736842105488e+01
9.210526315789473983e+01
1.126315789473684248e+02
1.331578947368421098e+02
1.536842105263157805e+02
1.742105263157894797e+02
1.947368421052631788e+02
2.152631578947368496e+02
2.357894736842105203e+02
2.563157894736842195e+02
2.768421052631579187e+02
2.973684210526315610e+02
3.178947368421052602e+02
3.384210526315789593e+02
3.589473684210526585e+02
3.794736842105263577e+02
4.000000000000000000e+02
