7.154180802003284434e+00
2.265262755060147182e+00
1.810440932229095301e+00
1.644187057915089900e+00
1.588623047151509482e+00
1.585885459727590208e+00
1.611009033507925237e+00
1.653585938019269008e+00
1.707366212036432129e+00
1.768702115653674634e+00
1.835116305624604260e+00
1.905142475952805281e+00
1.977811422132247365e+00
2.052386025720674745e+00
2.128314266132460553e+00
2.204800981891987810e+00
2.281761701665605546e+00
2.358968032817032157e+00
2.436188769939771070e+00
2.513229748046627243e+00
