7.556327420786410620e+00
2.339422326822820697e+00
1.887771730565641848e+00
1.694374611208117498e+00
1.593208709181172633e+00
1.545607920516217870e+00
1.525902630697159701e+00
1.523568532398074771e+00
1.532883495780077876e+00
1.550416540255299180e+00
1.573792530023012448e+00
1.601449538706660292e+00
1.632418554956812873e+00
1.665986376865465912e+00
1.701630112493684344e+00
1.737953621268923499e+00
1.775376502887806573e+00
1.813811949629849041e+00
1.853080057588756047e+00
1.893033799628102143e+00
