1.186500549805491111e+01
2.883117869610069661e+00
2.227826575791751029e+00
2.000011270758669468e+00
1.876454758632576381e+00
1.791241157795556038e+00
1.731382693173670884e+00
1.686168725634605847e+00
1.650704757271023615e+00
1.622173392012814297e+00
1.599611654352022905e+00
1.581088073464115507e+00
1.565521207244894519e+00
1.552359827322415509e+00
1.541194801145361559e+00
1.532087051585164339e+00
1.524375092715551272e+00
1.517814593748733065e+00
1.512258860931727789e+00
1.507588003935254717e+00
