Table 4
XCLASS Model Parameters

Molecule	theta_s	T_rot	N_tot	v_lsr	Deltav	
(")	(K)	(cm^-2)	(km s^-1)	(km s^-1)	
Hot core	
C_2H_3CN	20	130	7.5e14	3.5	12.5	
C_2H_3CN	10	215	2.7e15	5.0	5.5	
C_2H_5CN	10	136	2.1e16	5.0	7.0	
C_2H_5CN	5	300	6.5e15	5.0	7.0	
CH_2NH	10	130	1.3e15	6.0	8.0	
CH_3CN,nu_8 = 1	10	260	3.7e15	6.0	6.0	
^13CH_3CN	20	80	8.0e13	5.5	8.0	
^13CH_3CN	10	260	1.3e14	5.5	8.0	
CH_3^13CN	20	80	8.0e13	5.5	8.0	
CH_3^13CN	10	260	1.3e14	5.5	8.0	
C^18O	10	150	1.9e17	6.0	9.0	
C^17O	10	150	6.3e16	6.0	9.0	
H_2O,nu_2	5	270	1.7e19	5.5	7.0	
H_2^17O	5	270	5.5e15	4.8	7.0	
HDO	5	270	3.0e16	5.0	7.0	
H_2^34S	6	145	3.8e16	4.5	8.6	
H_2^33S	6	145	1.1e16	4.5	8.6	
HC_3N	20	10	1.0e15	5.5	6.5	
HC_3N	10	210	1.5e15	5.5	6.5	
HC_3N,nu_7 = 1	20	10	1.0e15	5.5	6.5	
HC_3N,nu_7 = 1	10	210	1.5e15	5.5	6.5	
HCN,nu_2 = 2	10	217	4.7e17	6.0	7.0	
H^13CN,nu_2 = 1	10	157	3.5e16	5.5	6.0	
HC^15N	20	20	1.5e14	4.5	10.0	
HC^15N	10	210	3.5e14	4.5	10.0	
DCN	20	20	9.0e13	6.0	8.0	
DCN	10	210	1.6e14	5.5	8.0	
H^13CO^+	10	190	9.0e12	6.0	10.0	
HNC,nu_2 = 1	10	220	1.3e15	4.5	7.0	
HN^13C	20	15	3.0e12	2.5	8.5	
HN^13C	10	220	3.5e13	2.5	8.5	
HN^13CO	20	30	4.5e13	6.3	6.2	
HN^13CO	10	209	4.9e14	6.3	6.2	
o-NH_2	10	130	1.3e15	6.0	12.0	
NH_3,nu_2	10	250	1.3e17	6.0	5.5	
^15NH_3	10	200	1.0e15	5.0	5.5	
NH_2D	10	250	3.9e15	6.2	6.0	
NO	10	180	1.7e17	6.0	8.0	
NS	10	105	2.1e15	4.2	10.5	
OCS	10	190	3.2e16	6.0	8.0	
^34SO	20	70	4.5e14	4.5	7.0	
^34SO	10	258	1.8e15	4.5	7.0	
^33SO	20	70	2.3e14	4.5	7.0	
^33SO	10	258	5.0e14	4.5	7.0	
SO_2,nu_2 = 1	10	240	9.0e16	6.0	7.0	
^34SO_2	20	50	1.1e15	5.0	8.0	
^34SO_2	10	240	5.0e15	5.0	8.0	
^33SO_2	20	50	2.6e14	5.0	8.0	
^33SO_2	10	240	1.3e15	5.0	8.0	
Hot core (S)	
CCH	10	53	2.3e15	7.0	13.5	
CH_3OCH_3	10	100	2.1e16	7.2	10.0	
^13CH_3OH	10	128	1.5e16	7.5	6.5	
CH_3OD-A	10	128	7.8e14	7.5	6.5	
CH_3OD-E	10	128	7.8e14	7.5	6.5	
CH_2DOH	10	128	1.3e15	7.5	6.5	
^13CS	10	100	9.7e14	6.5	10.5	
C^34S	10	100	1.9e15	6.5	10.5	
C^33S	10	100	6.4e14	6.5	10.5	
H_2^13CO	10	135	8.5e14	6.5	13.0	
H_2CS	10	120	4.6e15	7.5	7.5	
HD^18O	3	100	1.3e15	6.5	6.0	
D_2O	3	100	7.0e14	6.5	6.0	
Compact ridge	
C_2H_5OH	10	110	6.5e15	7.8	2.5	
CH_3CN,nu_8 = 1	10	230	3.5e15	7.5	4.0	
^13CH_3CN	10	230	1.1e14	7.5	4.0	
CH_3^13CN	10	230	1.1e14	7.5	4.0	
CH_3OCH_3	10	110	6.5e16	8.0	3.2	
CH_3OCHO	10	110	1.3e17	8.0	2.8	
^13CH_3OH	10	140	1.0e16	7.8	2.5	
CH_3OD-A	10	140	1.7e15	7.8	2.5	
CH_3OD-E	10	140	1.7e15	7.8	2.5	
CH_2DOH	10	140	8.1e15	7.8	2.5	
C^18O	10	125	1.3e17	8.0	4.0	
C^17O	10	125	2.0e16	8.0	4.0	
^13C^18O	10	125	2.5e15	8.0	4.0	
^13CS	10	225	2.0e14	7.2	4.0	
C^34S	10	225	2.5e14	7.2	4.0	
C^33S	10	225	1.3e14	7.2	4.0	
H_2CCO	10	100	2.0e15	8.0	3.0	
H_2^13CO	15	50	3.8e14	8.0	3.5	
HDCO	12	60	1.8e14	10.0	2.2	
HDCO	12	60	2.6e14	7.7	2.2	
H_2CS	10	100	2.9e15	8.0	3.0	
H_2^17O	5	150	9.0e14	8.0	3.0	
HDO	5	150	3.5e15	8.0	3.0	
H^13CN	10	120	3.6e13	8.0	4.0	
DCN	10	120	1.7e13	8.0	4.0	
H^13CO^+	20	100	3.0e12	9.0	5.5	
HCS^+	10	105	1.8e14	9.0	6.0	
HNC	10	80	6.5e13	9.0	3.0	
NH_2CHO	10	190	7.5e14	7.2	4.8	
NO	10	70	3.2e16	7.2	2.5	
NS	10	200	6.1e14	7.7	5.5	
OCS	10	165	4.3e15	7.5	2.5	
OD	10	125	2.5e14	8.0	3.5	
SO_2	10	100	1.8e15	8.2	3.0	
Plateau	
CH_3CN,nu_8 = 1	30	120	1.0e16	6.0	18.0	
^13CH_3CN	30	120	6.5e13	6.0	18.0	
CH_3^13CN	30	120	6.5e13	6.0	18.0	
CN	30	43	6.3e14	8.0	20.0	
C^18O	30	130	1.3e17	8.5	25.0	
C^17O	30	130	3.7e16	8.5	25.0	
^13CS	30	30	6.1e13	8.7	26.7	
^13CS	30	155	2.8e13	8.7	26.7	
C^34S	30	30	1.5e14	8.7	26.7	
C^34S	30	155	6.4e13	8.7	26.7	
C^33S	30	30	5.0e13	8.7	26.7	
C^33S	30	155	1.7e13	8.7	26.7	
H_2CO	30	20	1.1e15	8.0	32.0	
H_2CO	30	88	3.5e15	8.0	23.0	
H_2^17O	30	150	2.3e15	9.0	25.0	
HDO	30	150	1.5e15	9.0	25.0	
H_2^34S	30	12	2.1e15	9.0	30.0	
H_2^34S	30	115	2.5e15	9.0	30.0	
H_2^33S	30	12	5.6e14	9.0	30.0	
H_2^33S	30	115	7.5e14	9.0	30.0	
HC_3N	30	115	1.3e15	5.5	23.0	
HC_3N,nu_7 = 1	30	115	3.0e15	5.5	23.0	
HCl	50	73	1.4e15	11.5	25.0	
H^37Cl	50	73	4.9e14	11.5	25.0	
HC^15N	30	25	2.3e14	7.5	28.0	
HC^15N	30	130	1.0e14	8.5	28.0	
DCN	30	25	3.5e13	5.5	20.0	
DCN	30	130	3.2e13	8.5	20.0	
H^13CO^+	30	25	1.5e13	9.0	50.0	
H^13CO^+	30	135	1.7e12	8.5	30.0	
HN^13C	30	20	1.0e13	7.5	28.0	
HN^13C	30	115	4.3e12	7.5	25.0	
HN^13CO	30	25	2.0e13	9.0	20.0	
HN^13CO	30	168	4.3e13	9.0	20.0	
^15NH_3	30	35	9.5e13	6.0	15.0	
NO	30	155	1.5e17	8.0	27.0	
OCS	30	110	1.2e16	5.0	21.0	
^29SiO	30	25	1.5e14	10.0	35.0	
^29SiO	30	120	4.8e13	10.0	35.0	
^29SiO	30	18	1.0e14	8.0	15.0	
^29SiO	30	270	5.2e13	7.0	15.0	
^30SiO	30	25	1.6e14	10.0	35.0	
^30SiO	30	120	3.0e13	10.0	35.0	
^30SiO	30	18	6.7e13	8.0	15.0	
^30SiO	30	270	4.1e13	7.0	15.0	
SiS	30	145	4.3e14	8.5	23.0	
^34SO	30	65	4.6e15	10.0	26.0	
^34SO	30	163	3.0e15	10.0	26.0	
^33SO	30	65	1.1e15	10.0	26.0	
^33SO	30	163	7.5e14	10.0	26.0	
^34SO_2	30	20	3.0e14	9.5	30.0	
^34SO_2	30	50	2.5e15	9.5	30.0	
^34SO_2	30	150	4.7e15	9.5	23.0	
^33SO_2	30	20	7.1e13	9.5	30.0	
^33SO_2	30	50	5.9e14	9.5	30.0	
^33SO_2	30	150	9.8e14	9.5	23.0	
Extended ridge	
CCH	180	37	4.5e14	8.8	3.5	
CH_2NH	180	40	2.0e13	9.0	4.0	
CN	180	21	2.2e14	9.0	3.5	
C^18O	180	40	1.4e16	9.0	3.0	
C^17O	180	40	6.2e15	9.0	3.0	
^13C^18O	180	40	2.3e14	9.0	3.0	
^13CS	180	35	2.5e13	8.0	4.0	
C^34S	180	35	4.2e13	8.0	4.0	
C^33S	180	35	8.5e12	8.0	4.0	
H_2S	180	50	1.0e14	8.6	3.0	
HC^15N	180	30	1.0e13	8.5	4.0	
DCN	180	30	9.5e12	8.5	4.0	
H^13CO^+	180	27	5.3e12	9.0	4.5	
HN^13C	180	20	1.2e12	8.0	3.0	
o-NH_2	180	50	2.0e13	8.0	3.0	
^15NH_3	180	23	5.3e12	8.2	3.0	
NO	180	60	7.5e15	10.0	5.0	
OCS	180	10	2.0e15	7.5	2.5	
SO	180	60	7.8e14	10.5	5.0	
SO_2	180	50	3.0e14	8.2	3.0	

Notes. We estimate the uncertainties of Trot and Ntot in our XCLASS models to be ~10% and 25%, respectively. Errors in vlsr are +or-1 km s-1 for the hot core, compact ridge, and extended ridge, and +or-2 km s-1 for the plateau. Errors in Deltav are +or-0.5 km s-1, 1.5 km s-1, and 5.0 km s-1 for the compact/extended ridge, hot core, and plateau, respectively. See the Appendix for more details concerning error estimates.